version = 'MMult_4x4_15';
MY_MMult = [
40 3.657143e+00 2.664535e-15 
80 3.923372e+00 5.329071e-15 
120 4.488312e+00 8.881784e-15 
160 4.164718e+00 1.243450e-14 
200 4.419890e+00 1.776357e-14 
240 4.456480e+00 2.309264e-14 
280 4.470876e+00 3.552714e-14 
320 4.479256e+00 3.552714e-14 
360 4.503910e+00 4.263256e-14 
400 4.641549e+00 4.973799e-14 
];
