version = 'MMult0';
MY_MMult = [
40 8.590604e-01 0.000000e+00 
80 8.919861e-01 0.000000e+00 
120 8.218787e-01 0.000000e+00 
160 7.440509e-01 0.000000e+00 
200 8.841733e-01 0.000000e+00 
240 8.511267e-01 0.000000e+00 
280 8.774658e-01 0.000000e+00 
320 8.825922e-01 0.000000e+00 
360 8.762760e-01 0.000000e+00 
400 8.718693e-01 0.000000e+00 
440 8.461623e-01 0.000000e+00 
480 8.431710e-01 0.000000e+00 
520 8.187522e-01 0.000000e+00 
560 8.242135e-01 0.000000e+00 
600 8.138061e-01 0.000000e+00 
640 6.014808e-01 0.000000e+00 
680 8.066134e-01 0.000000e+00 
720 8.103746e-01 0.000000e+00 
760 7.749776e-01 0.000000e+00 
800 8.095329e-01 0.000000e+00 
];
