version = 'MMult1';
MY_MMult = [
40 8.590604e-01 0.000000e+00 
80 9.377289e-01 0.000000e+00 
120 7.968642e-01 0.000000e+00 
160 8.571728e-01 0.000000e+00 
200 7.657334e-01 0.000000e+00 
240 8.626521e-01 0.000000e+00 
280 8.738158e-01 0.000000e+00 
320 8.716980e-01 0.000000e+00 
360 8.640240e-01 0.000000e+00 
400 8.168579e-01 0.000000e+00 
];
