version = 'MMult_symm';
MY_MMult = [
40 4.571429e+00 4.440892e-15 
80 7.937984e+00 6.217249e-15 
120 1.404878e+01 1.065814e-14 
160 1.845045e+01 1.243450e-14 
200 1.882353e+01 1.776357e-14 
240 1.851842e+01 1.776357e-14 
280 2.474859e+01 3.197442e-14 
320 2.532303e+01 3.907985e-14 
360 2.567749e+01 4.263256e-14 
400 1.577326e+01 5.684342e-14 
440 2.539773e+01 5.684342e-14 
480 2.491372e+01 5.684342e-14 
520 4.591282e+01 6.750156e-14 
560 5.014019e+01 6.750156e-14 
600 2.016901e+01 9.237056e-14 
640 4.743400e+01 7.460699e-14 
680 2.765696e+01 8.171241e-14 
720 2.550554e+01 8.526513e-14 
760 2.625612e+01 8.526513e-14 
800 4.955238e+01 8.881784e-14 
];
