version = 'MMult_dgemm';
MY_MMult = [
40 4.413793e+00 8.960591e+00 
80 8.677966e+00 1.411025e+01 
120 1.542857e+01 1.687484e+01 
160 2.084478e+01 2.585179e+01 
];
