version = 'MMult2';
MY_MMult = [
40 1.000000e+00 0.000000e+00 
80 8.804815e-01 0.000000e+00 
120 8.252149e-01 0.000000e+00 
160 9.053935e-01 0.000000e+00 
200 9.145993e-01 0.000000e+00 
240 8.998535e-01 0.000000e+00 
280 8.509022e-01 0.000000e+00 
320 8.931166e-01 0.000000e+00 
360 8.947273e-01 0.000000e+00 
400 8.162849e-01 0.000000e+00 
];
