version = 'MMult_4x4_17';
MY_MMult = [
40 1.103448e+00 0.000000e+00 
80 3.631206e+00 0.000000e+00 
120 4.051583e+00 0.000000e+00 
160 3.968992e+00 0.000000e+00 
200 4.338395e+00 0.000000e+00 
240 4.124105e+00 0.000000e+00 
280 4.674119e+00 0.000000e+00 
320 5.233251e+00 0.000000e+00 
360 5.999614e+00 0.000000e+00 
400 6.524288e+00 0.000000e+00 
];
