version = 'MMult_4x4_16';
MY_MMult = [
40 2.666667e+00 0.000000e+00 
80 3.379538e+00 0.000000e+00 
120 3.945205e+00 0.000000e+00 
160 4.039448e+00 0.000000e+00 
200 3.718336e+00 0.000000e+00 
240 3.913930e+00 0.000000e+00 
280 4.128644e+00 0.000000e+00 
320 4.263613e+00 0.000000e+00 
360 4.064997e+00 0.000000e+00 
400 4.261411e+00 0.000000e+00 
];
