version = 'MMult_DGEMM';
MY_MMult = [
40 2.909091e+00 9.858534e+00 
80 2.959538e+00 1.565989e+01 
120 2.941277e+00 2.151765e+01 
160 2.958469e+00 2.437114e+01 
200 3.049362e+00 2.889492e+01 
240 3.036240e+00 3.307785e+01 
280 3.164937e+00 4.081595e+01 
320 3.235707e+00 3.844153e+01 
360 3.256281e+00 3.796956e+01 
400 3.264473e+00 4.344338e+01 
440 3.267949e+00 4.761822e+01 
480 3.301648e+00 5.821576e+01 
520 3.196726e+00 5.301142e+01 
560 3.286597e+00 5.112965e+01 
600 3.195692e+00 5.893244e+01 
640 2.982230e+00 5.718996e+01 
680 2.924364e+00 6.015531e+01 
720 2.890852e+00 6.447939e+01 
760 1.621381e+00 6.720780e+01 
];
