version = 'MMult_4x4_9';
MY_MMult = [
40 4.571429e+00 3.552714e-15 
80 4.591928e+00 7.105427e-15 
120 6.898204e+00 1.065814e-14 
160 6.450394e+00 1.243450e-14 
200 6.088280e+00 1.421085e-14 
240 6.065818e+00 2.131628e-14 
280 5.996176e+00 1.776357e-14 
320 5.981199e+00 2.842171e-14 
360 6.797698e+00 2.486900e-14 
400 6.872852e+00 2.842171e-14 
440 6.658381e+00 3.019807e-14 
480 6.720467e+00 3.197442e-14 
520 6.478885e+00 3.552714e-14 
560 6.337411e+00 3.197442e-14 
600 7.007072e+00 3.907985e-14 
640 6.833162e+00 4.973799e-14 
680 6.701521e+00 4.440892e-14 
720 6.169337e+00 4.973799e-14 
760 5.986268e+00 4.973799e-14 
];
