version = 'MMult0';
MY_MMult = [
40 2.064516e+00 0.000000e+00 
50 1.937984e+00 0.000000e+00 
60 2.028169e+00 0.000000e+00 
70 1.884615e+00 0.000000e+00 
80 1.597504e+00 0.000000e+00 
90 1.750300e+00 0.000000e+00 
100 1.910220e+00 0.000000e+00 
110 1.857641e+00 0.000000e+00 
120 1.780526e+00 0.000000e+00 
130 1.646309e+00 0.000000e+00 
140 1.741117e+00 0.000000e+00 
150 1.963351e+00 0.000000e+00 
160 1.888428e+00 0.000000e+00 
170 1.669385e+00 0.000000e+00 
180 1.884939e+00 0.000000e+00 
190 1.959714e+00 0.000000e+00 
200 1.679261e+00 0.000000e+00 
210 1.829695e+00 0.000000e+00 
220 1.900919e+00 0.000000e+00 
230 1.755573e+00 0.000000e+00 
240 1.853704e+00 0.000000e+00 
250 1.749035e+00 0.000000e+00 
260 1.826173e+00 0.000000e+00 
270 1.816864e+00 0.000000e+00 
280 1.882676e+00 0.000000e+00 
290 1.911064e+00 0.000000e+00 
300 1.839550e+00 0.000000e+00 
310 1.788229e+00 0.000000e+00 
320 1.826533e+00 0.000000e+00 
330 1.819641e+00 0.000000e+00 
340 1.928179e+00 0.000000e+00 
350 1.761395e+00 0.000000e+00 
360 1.838733e+00 0.000000e+00 
370 1.878542e+00 0.000000e+00 
380 1.836074e+00 0.000000e+00 
390 1.702905e+00 0.000000e+00 
400 1.938190e+00 0.000000e+00 
410 1.768021e+00 0.000000e+00 
420 1.895755e+00 0.000000e+00 
430 1.936102e+00 0.000000e+00 
440 1.925410e+00 0.000000e+00 
450 1.884578e+00 0.000000e+00 
460 1.791652e+00 0.000000e+00 
470 1.664310e+00 0.000000e+00 
480 1.876699e+00 0.000000e+00 
490 1.870413e+00 0.000000e+00 
500 1.860964e+00 0.000000e+00 
510 1.854234e+00 0.000000e+00 
520 1.829583e+00 0.000000e+00 
530 1.824093e+00 0.000000e+00 
540 1.737984e+00 0.000000e+00 
550 1.816470e+00 0.000000e+00 
560 1.771778e+00 0.000000e+00 
570 1.749315e+00 0.000000e+00 
580 1.807714e+00 0.000000e+00 
590 1.843320e+00 0.000000e+00 
600 1.809288e+00 0.000000e+00 
610 1.764810e+00 0.000000e+00 
620 1.849210e+00 0.000000e+00 
630 1.799152e+00 0.000000e+00 
640 1.792652e+00 0.000000e+00 
650 1.810800e+00 0.000000e+00 
660 1.797052e+00 0.000000e+00 
670 1.780416e+00 0.000000e+00 
680 1.788909e+00 0.000000e+00 
690 1.758143e+00 0.000000e+00 
700 1.768839e+00 0.000000e+00 
710 1.766633e+00 0.000000e+00 
720 1.754682e+00 0.000000e+00 
730 1.737086e+00 0.000000e+00 
740 1.735446e+00 0.000000e+00 
750 1.721261e+00 0.000000e+00 
760 1.722275e+00 0.000000e+00 
770 1.713905e+00 0.000000e+00 
780 1.756315e+00 0.000000e+00 
790 1.853262e+00 0.000000e+00 
800 1.789190e+00 0.000000e+00 
];
