version = 'MMult1';
MY_MMult = [
40 2.000000e+00 0.000000e+00 
80 1.818828e+00 0.000000e+00 
120 1.511811e+00 0.000000e+00 
160 1.761342e+00 0.000000e+00 
200 1.739509e+00 0.000000e+00 
240 1.800234e+00 0.000000e+00 
280 1.708194e+00 0.000000e+00 
320 1.739647e+00 0.000000e+00 
360 1.821646e+00 0.000000e+00 
400 1.760370e+00 0.000000e+00 
440 1.717212e+00 0.000000e+00 
480 1.812226e+00 0.000000e+00 
520 1.704536e+00 0.000000e+00 
560 1.701574e+00 0.000000e+00 
600 1.758120e+00 0.000000e+00 
640 1.642568e+00 0.000000e+00 
680 1.573458e+00 0.000000e+00 
720 1.569878e+00 0.000000e+00 
760 1.475686e+00 0.000000e+00 
];
