version = 'MMult_DSYMM';
MY_MMult = [
40 2.560000e+00 1.072767e+01 
80 2.876404e+00 1.599945e+01 
120 3.013078e+00 2.119950e+01 
160 2.771313e+00 2.488124e+01 
200 2.869440e+00 2.599382e+01 
240 3.047283e+00 3.202895e+01 
280 3.085096e+00 3.621561e+01 
320 3.141104e+00 3.775722e+01 
360 3.013759e+00 3.859917e+01 
400 3.273071e+00 4.309609e+01 
440 3.328995e+00 4.716448e+01 
480 3.335002e+00 4.824255e+01 
520 3.249512e+00 4.993375e+01 
560 3.288936e+00 5.467891e+01 
600 3.231139e+00 5.360909e+01 
640 3.179661e+00 5.532466e+01 
680 2.909993e+00 6.342532e+01 
720 2.951359e+00 6.180502e+01 
760 2.954317e+00 6.108604e+01 
];
