version = 'MMult_DGEMM';
MY_MMult = [
40 2.844444e+00 9.858534e+00 
80 2.942529e+00 1.565989e+01 
120 3.013078e+00 2.151765e+01 
160 2.948884e+00 2.437114e+01 
200 2.999625e+00 2.889492e+01 
240 3.097468e+00 3.307785e+01 
280 3.165621e+00 4.081595e+01 
320 3.236665e+00 3.844153e+01 
360 3.242702e+00 3.796956e+01 
400 3.269727e+00 4.344338e+01 
440 2.955930e+00 4.761822e+01 
480 3.010371e+00 5.821576e+01 
520 3.041258e+00 5.301142e+01 
560 3.026871e+00 5.112965e+01 
600 2.922730e+00 5.893244e+01 
640 2.895531e+00 5.718996e+01 
680 2.333577e+00 6.015531e+01 
720 1.522237e+00 6.447939e+01 
760 2.153252e+00 6.720780e+01 
];
